storage,2
contract,140