scenario-repeated-usage OK
  OK,0029,New_contract
  OK,0031,Message
  OK,0032,Verify
